num 	Nangang	 Taipei 	Banqiao 	Taoyuan	 Hsinchu	Miaoli 	Taichung	Changhua Yunlin	Chiayi	Tainan	Zuoying
502	720	712	702	649	637	624	605	0	0	0	0	0
1504	745	737	727	714	702	649	630	0	0	0	0	0
508	810	801	750	738	725	712	652	0	0	0	0	0
300	755	747	0	728	0	0	656	644	634	621	603	550
1510	830	821	810	758	745	731	712	0	0	0	0	0
802	840	832	822	810	758	745	725	713	700	648	629	615
1202	815	807	0	0	0	0	721	0	0	657	638	625
1602	850	842	831	818	805	0	740	0	0	712	653	640
1302	855	847	0	827	0	0	753	742	732	719	659	645
204	845	837	827	0	0	0	748	0	0	0	707	655
606	910	902	851	838	825	0	800	0	0	732	713	700
1514	925	916	905	851	839	824	804	0	0	0	0	0
206	905	857	847	0	0	0	808	0	0	0	728	715
806	950	942	932	920	908	856	836	824	812	800	741	725
610	945	936	925	911	857	0	832	0	0	808	748	735
108	940	932	921	0	0	0	839	0	0	0	0	755
612	1010	1002	951	938	925	0	900	0	0	832	813	800
1210	1005	957	947	0	0	0	908	0	0	0	828	815
810	1050	1042	1032	1020	1008	956	936	924	912	900	841	825
616	1045	1036	1025	1011	957	0	932	0	0	908	848	835
112	1040	1032	1021	0	0	0	939	0	0	0	0	855
618	1110	1102	1051	1038	1025	0	1000	0	0	932	913	900
1522	1125	1116	1105	1051	1039	1024	1004	0	0	0	0	0
1214	1105	1057	1047	0	0	0	1008	0	0	0	928	915
814	1150	1142	1132	1120	1108	1056	1036	1024	1012	1000	941	925
1622	1145	1136	1125	1111	1057	0	1032	0	0	1008	948	935
116	1140	1132	1121	0	0	0	1039	0	0	0	0	955
624	1210	1202	1151	1138	1125	0	1100	0	0	1032	1013	1000
1218	1205	1157	1147	0	0	0	1108	0	0	0	1028	1015
818	1250	1242	1232	1220	1208	1156	1136	1124	1112	1100	1041	1025
628	1245	1236	1225	1211	1157	0	1132	0	0	1108	1048	1035
120	1240	1232	1221	0	0	0	1139	0	0	0	0	1055
630	1310	1302	1251	1238	1225	0	1200	0	0	1132	1113	1100
822	1350	1342	1332	1320	1308	1256	1236	1224	1212	1200	1141	1125
1634	1345	1336	1325	1311	1257	0	1232	0	0	1208	1148	1135
124	1340	1332	1321	0	0	0	1239	0	0	0	0	1155
636	1410	1402	1351	1338	1325	0	1300	0	0	1232	1213	1200
826	1450	1442	1432	1420	1408	1356	1336	1324	1312	1300	1241	1225
1640	1445	1436	1425	1411	1357	0	1332	0	0	1308	1248	1235
128	1440	1432	1421	0	0	0	1339	0	0	0	0	1255
642	1510	1502	1451	1438	1425	0	1400	0	0	1332	1313	1300
1538	1525	1516	1505	1451	1439	1424	1404	0	0	0	0	0
830	1550	1542	1532	1520	1508	1456	1436	1424	1412	1400	1341	1325
1646	1545	1536	1525	1511	1457	0	1432	0	0	1408	1348	1335
132	1540	1532	1521	0	0	0	1439	0	0	0	0	1355
648	1610	1602	1551	1538	1525	0	1500	0	0	1432	1413	1400
1542	1625	1616	1605	1551	1539	1524	1504	0	0	0	0	0
1234	1605	1557	1547	0	0	0	1508	0	0	0	1428	1415
834	1650	1642	1632	1620	1608	1556	1536	1524	1512	1500	1441	1425
1652	1645	1636	1625	1611	1557	0	1532	0	0	1508	1448	1435
1318	1655	1647	0	1627	0	0	1553	1541	1531	1519	1458	1445
136	1640	1632	1621	0	0	0	1539	0	0	0	0	1455
654	1710	1702	1651	1638	1625	0	1600	0	0	1532	1513	1500
1546	1725	1716	1705	1651	1639	1624	1604	0	0	0	0	0
1238	1705	1657	1647	0	0	0	1608	0	0	0	1528	1515
838	1750	1742	1732	1720	1708	1656	1636	1624	1612	1600	1541	1525
658	1745	1736	1725	1711	1657	0	1632	0	0	1608	1548	1535
1320	1755	1747	0	1727	0	0	1653	1641	1631	1619	1558	1545
140	1740	1732	1721	0	0	0	1639	0	0	0	0	1555
660	1810	1802	1751	1738	1725	0	1700	0	0	1632	1613	1600
1550	1825	1816	1805	1751	1739	1724	1704	0	0	0	0	0
242	1805	1757	1747	0	0	0	1708	0	0	0	1628	1615
842	1850	1842	1832	1820	1808	1756	1736	1724	1712	1700	1641	1625
664	1845	1836	1825	1811	1757	0	1732	0	0	1708	1648	1635
144	1840	1832	1821	0	0	0	1739	0	0	0	0	1655
666	1910	1902	1851	1838	1825	0	1800	0	0	1732	1713	1700
1554	1925	1916	1905	1851	1839	1824	1804	0	0	0	0	0
1246	1905	1857	1847	0	0	0	1808	0	0	0	1728	1715
846	1950	1942	1932	1920	1908	1856	1836	1824	1812	1800	1741	1725
670	1945	1936	1925	1911	1857	0	1832	0	0	1808	1748	1735
148	1940	1932	1921	0	0	0	1839	0	0	0	0	1755
672	2010	2002	1951	1938	1925	0	1900	0	0	1832	1813	1800
1558	2025	2016	2005	1951	1939	1924	1904	0	0	0	0	0
1250	2005	1957	1947	0	0	0	1908	0	0	0	1828	1815
850	2050	2042	2032	2020	2008	1956	1936	1924	1912	1900	1841	1825
676	2045	2036	2025	2011	1957	0	1932	0	0	1908	1848	1835
1326	2055	2047	0	2027	0	0	1953	1941	1931	1919	1858	1845
152	2040	2032	2021	0	0	0	1939	0	0	0	0	1855
678	2110	2102	2051	2038	2025	0	2000	0	0	1932	1913	1900
1562	2125	2116	2105	2051	2039	2024	2004	0	0	0	0	0
1254	2105	2057	2047	0	0	0	2008	0	0	0	1928	1915
854	2150	2142	2132	2120	2108	2056	2036	2024	2012	2000	1941	1925
1682	2145	2136	2125	2111	2057	0	2032	0	0	2008	1948	1935
1328	2155	2147	0	2127	0	0	2053	2041	2031	2019	1958	1945
156	2140	2132	2121	0	0	0	2039	0	0	0	0	1955
684	2210	2202	2151	2138	2125	0	2100	0	0	2032	2013	2000
1566	2225	2216	2205	2151	2139	2124	2104	0	0	0	0	0
1258	2205	2157	2147	0	0	0	2108	0	0	0	2028	2015
858	2250	2242	2232	2220	2208	2156	2136	2124	2112	2100	2041	2025
1688	2245	2236	2225	2211	2157	0	2132	0	0	2108	2048	2035
1330	2255	2247	0	2227	0	0	2154	2142	2131	2119	2058	2045
160	2240	2232	2221	0	0	0	2139	0	0	0	0	2055
1570	2310	2301	2249	2236	2223	2210	2151	0	0	0	0	0
690	2315	2307	2256	2243	2230	0	2205	0	0	2137	2118	2105
862	2355	2347	2337	2325	2312	2300	2240	2228	2216	2203	2144	2130
1264	2330	2321	2311	0	0	0	2230	0	0	0	2153	2140
696	0	2359	2352	2340	2327	0	2259	0	0	2232	2211	2155
294	2359	2352	2342	0	0	0	2303	0	0	0	2223	2210
598	0	0	0	0	0	0	2359	2349	2339	2327	2308	2255